[gd_scene load_steps=12 format=2]

[ext_resource path="res://tracks/parts/c.tscn" type="PackedScene" id=1]
[ext_resource path="res://tracks/parts/finish.tscn" type="PackedScene" id=2]
[ext_resource path="res://tracks/items/coin.tscn" type="PackedScene" id=3]
[ext_resource path="res://tracks/parts/spinner.tscn" type="PackedScene" id=4]
[ext_resource path="res://tracks/parts/a.tscn" type="PackedScene" id=5]
[ext_resource path="res://tracks/parts/b.tscn" type="PackedScene" id=6]
[ext_resource path="res://sounds/theme.ogg" type="AudioStream" id=7]

[sub_resource type="OpenSimplexNoise" id=1]

[sub_resource type="NoiseTexture" id=2]
seamless = true
noise = SubResource( 1 )

[sub_resource type="PanoramaSky" id=3]
panorama = SubResource( 2 )

[sub_resource type="Environment" id=4]
background_mode = 2
background_sky = SubResource( 3 )
ambient_light_color = Color( 0, 0.660156, 1, 1 )
ambient_light_energy = 0.29
ambient_light_sky_contribution = 0.0

[node name="Track1" type="Spatial"]
transform = Transform( 1, 0, 0, 0, 1, 0, 0, 0, 1, 0, -3.6769, 0 )

[node name="RoadPartA" parent="." instance=ExtResource( 5 )]
transform = Transform( -4.37114e-08, 0, -1, 0, 1, 0, 1, 0, -4.37114e-08, 0, 0, -42.9122 )

[node name="RoadPartA6" parent="." instance=ExtResource( 5 )]
transform = Transform( -4.37114e-08, 0, -1, 0, 1, 0, 1, 0, -4.37114e-08, -8.68375e-07, 0, -23.0461 )

[node name="RoadPartA7" parent="." instance=ExtResource( 5 )]
transform = Transform( -4.37114e-08, 0, -1, 0, 1, 0, 1, 0, -4.37114e-08, -1.73048e-06, 0, -3.32341 )

[node name="RoadPartA2" parent="." instance=ExtResource( 5 )]
transform = Transform( 0.403386, 1.49012e-08, -0.91503, 0.237475, 0.965736, 0.104689, 0.883677, -0.259527, 0.389564, 1.32356, -7.41054, -60.3442 )

[node name="RoadPartA3" parent="." instance=ExtResource( 5 )]
transform = Transform( -4.37114e-08, 0.214207, -0.976788, 0, 0.976788, 0.214207, 1, 9.36328e-09, -4.26968e-08, -7.16794, -21.7131, -76.3099 )

[node name="RoadPartA4" parent="." instance=ExtResource( 5 )]
transform = Transform( -4.37114e-08, 0, -1, 0, 1, 0, 1, 0, -4.37114e-08, 2.22486e-06, -38.4264, -93.811 )

[node name="RoadPartA5" parent="." instance=ExtResource( 5 )]
transform = Transform( -4.37114e-08, 0, -1, 0, 1, 0, 1, 0, -4.37114e-08, -5.72207, -45.954, -113.759 )

[node name="Spinner" parent="." instance=ExtResource( 4 )]
transform = Transform( 0.725507, 0, 0.688215, 0, 1, 0, -0.688215, 0, 0.725507, -2, 0.337231, -14.9016 )

[node name="Spinner2" parent="." instance=ExtResource( 4 )]
transform = Transform( 0.725507, 0, 0.688215, 0, 1, 0, -0.688215, 0, 0.725507, 2.53205, 0.337231, -33.9331 )

[node name="Coin" parent="." instance=ExtResource( 3 )]
transform = Transform( 1, 0, 1.74846e-07, 0, 1, 0, -1.74846e-07, 0, 1, -1.22994e-06, 1.73214, -49.9466 )

[node name="Coin2" parent="." instance=ExtResource( 3 )]
transform = Transform( 1, 0, 1.74846e-07, 0, 1, 0, -1.74846e-07, 0, 1, -3.7384e-06, -5.25013, -64.2932 )

[node name="Coin3" parent="." instance=ExtResource( 3 )]
transform = Transform( 1, 0, 1.74846e-07, 0, 1, 0, -1.74846e-07, 0, 1, -6.27509, -19.6314, -77.2619 )

[node name="Coin4" parent="." instance=ExtResource( 3 )]
transform = Transform( 1, 0, 1.74846e-07, 0, 1, 0, -1.74846e-07, 0, 1, -6.27509, -19.6314, -79.0401 )

[node name="Coin5" parent="." instance=ExtResource( 3 )]
transform = Transform( 1, 0, 1.74846e-07, 0, 1, 0, -1.74846e-07, 0, 1, -6.27509, -19.6314, -80.9716 )

[node name="Coin6" parent="." instance=ExtResource( 3 )]
transform = Transform( 1, 0, 1.74846e-07, 0, 1, 0, -1.74846e-07, 0, 1, -6.27509, -19.6314, -83.3371 )

[node name="Coin7" parent="." instance=ExtResource( 3 )]
transform = Transform( 1, 0, 1.74846e-07, 0, 1, 0, -1.74846e-07, 0, 1, 0.131217, -37.4576, -87.1222 )

[node name="Coin8" parent="." instance=ExtResource( 3 )]
transform = Transform( 1, 0, 1.74846e-07, 0, 1, 0, -1.74846e-07, 0, 1, 0.131217, -37.4576, -91.5046 )

[node name="Coin9" parent="." instance=ExtResource( 3 )]
transform = Transform( 1, 0, 1.74846e-07, 0, 1, 0, -1.74846e-07, 0, 1, 0.131217, -37.4576, -94.6047 )

[node name="Coin10" parent="." instance=ExtResource( 3 )]
transform = Transform( 1, 0, 1.74846e-07, 0, 1, 0, -1.74846e-07, 0, 1, 0.131217, -37.4576, -100.476 )

[node name="DirectionalLight" type="DirectionalLight" parent="."]
transform = Transform( -0.513098, 0.644539, -0.566833, -0.276614, 0.500988, 0.820058, 0.812536, 0.577565, -0.0787675, -94.4395, 7.15604, -173.779 )
shadow_enabled = true
shadow_bias = 1.0

[node name="WorldEnvironment" type="WorldEnvironment" parent="."]
environment = SubResource( 4 )

[node name="Finish" parent="." instance=ExtResource( 2 )]
transform = Transform( 1, 0, 0, 0, 1, 0, 0, 0, 1, 0, -46.4529, -119.092 )

[node name="TrackB" parent="." instance=ExtResource( 6 )]
transform = Transform( -4.37114e-08, 0, -1, 0, 1, 0, 1, 0, -4.37114e-08, 0, 0, -96.1927 )

[node name="Spatial" parent="." instance=ExtResource( 1 )]
transform = Transform( -4.37114e-08, 0, -1, 0, 1, 0, 1, 0, -4.37114e-08, 0, -0.332775, -55.8251 )

[node name="Spatial2" parent="." instance=ExtResource( 1 )]
transform = Transform( -4.37114e-08, 0, -1, 0.587446, 0.809263, -2.56781e-08, 0.809263, -0.587446, -3.5374e-08, 0, -2.11117, -61.3194 )

[node name="AudioStreamPlayer" type="AudioStreamPlayer" parent="."]
stream = ExtResource( 7 )
autoplay = true
